1527358084010020
1647449385297976
103660307057569
669616173244887
137192830266697
1675406462492369
387364528361392
131183684301099
156656554916542
123736461612717
134383227290291
133318710757610
128297761204653
1922294748096154
2002018026711634
105283266890393
1730074187298610
277756909397172
278148976037305
782121711976927
120688885294476
298683483949294
1475983032484899
147410009202657
269543483488974
1459203584200539
1808343589426358
882678785232100
127504451303507
332025357241704
1909070506021139
1909611442692093
125577731422439
1293033870808500
300763070391519
119948128717139
123321068379231
233656650501493
769853996558306
738991359630669
1831393047173295
1921877528062568
2127619610597153
1980504222196594
137105196925332
134543170531721
1705889949484358
1617645244964859
366346037153184
159256721326743
179649052597145
137110546911544
379118365850266
1152066201605150
1446946625340518
1830327493873156
979149012247513
804055206424474
1378423548950092
503474450036578
172138840008753
122674215081146
479442859078546
688877324655646
134481233870668
1253000254800100
366053397150379
141244796619591
1489578171125331
1177263779077547
1241178999358909
118570652178984
134523017173854
148506545749029
287350518428034
1979944105552532
139309970022664
112663802747391
343012979493661
327957070998792
1098573390278222
1712113012195563
1491162257632295
175490729679722
182526518986361
149398225799840
477173799333408
1400335380065091
623034814751972
627953347592249
531552433847519
123276171715240
261348981043052
1414930868614391
530582897293396
1028906907251635
357016498073693
1455801977831506
1451878808266233
702719426599952
1530584120342089
1607950459226933
363041527452722
1901223200128734
123624681635019
1793606934001332
124305214892259
141275986497636
178461732722817
1546525132081423
332096907201026
1368517349941072
1872319179763112
1992326771004803
150734088867230
1850253328323063
359653791131681
885108868303852
616127702109930
100887023937716
211083842763111
1513836815348825
549795212030711
877103962456076
494786377541996
479696519096353
2027920594109170
764088843794219
222275778307743
123694331627962
1266099533512570
267508450411968
255582714964738
314026292338658
288035895033038
319420338526387
279442829231020
1957557031195930
113846999305578
921333608015684
144561069491374
123624828306887
125122398154481
1934748066781893
719337361596029
123375178375347
1243135459166675
1933881816937041
1727149684247541
150225685717582
1615168085182051
1464027496999733
157739841490810
1937009546564150
1810097265942792
1409251599124129
683297815213847
1508479375901350
1539701096109693
120244481964347
129377871145755
1454730901275699
338110699985234
303471076801147
706924969495909
1662640727114595
1635796696444058
273273623162700
1929272110695869
1733929876910545
1958949694373667
841157146062867
125263404899448
301641970316981
128950627855319
1927775904213104
376748676091944
1932627580350630
784314438423397
1597359753641742
641757452878432
114904949162266
309467279531461
1744142925878219
790735347764800
138502933457662
139267570143024
1735826093389539
1285515498234638
174783923075060
1879038955745817
127112374658095
150598895531063
2025295364366865
528237227509641
1826298431015370
1870911593230102
158096948118617
146441562760604
859305597568608
1487699777957820
1957537227792298
127382431222855
119337378782394
131626354234515
370675476681567
538971629827961
526669971019806
1515427418514631
1840040262974195
1397089893743079
504207549940926
1729941690648783
546092355783159
124276998257656
2053659468185479
128483707810074
668743043322854
1900000763594405
1920488218212441
130326054290309
811429185701447
290279301470768
168526393725726
271579843357467
105398630223175
1879793645667627
2020146834923084
241547426371439
1989062234698687
1524337547631843
258564421316091
1513618782048977
1745280872440045
1963925580489236
119324072077567
288474788323423
272744173243920
1500976623247753
196928520848994
1671511076252234
1482067391912798
273647946489118
1419528581416749
348573798910263
836165643213485
150258692216119
1971813373090403
1901987893454527
270791520080077
292054324628404
344753065936429
235651603594912
1657969887610391
292259901236370
1550538901659549
199462497265841
174134583163380
120752105260130
740053626185452
292266977919367
105239463452336
1606276046090076
1418968574793126
1953682541575842
469894166728786
156049048308392
317345235401648
1936891976548864
301333023682828
107307310027225
285482428611569
289100974829514
2000469696905208
1462327320469974
174087789808868
122547571768055
1945402429009985
103754296907067
369441426848448
974458799372608
986604051482770
111002722872995
266816393723157
1964026423920937
155632611710063
352154245239600
146531392621477
484485285254470
118798805452451
123830554947898
861621297296499
229562044242228
151306595477421
1689517474401304
523049041379760
138921826730847
123498028365047
2107118009314342
1718139201541594
515617062144648
120488621977903
486726868366539
186737125203974
471041549942213
219256178585386
301251100352700
523292774694716
993347180807415
615015255553819
505032156508751
120526605266117
708673179327866
1373876212700184
311213989289664
152073152054846
350191402091730
1965720923698092
1875877776061418
1699574816781090
1435314539908917
152857838601854
334631977008538
563887907275758
181437982429394
132976500787112
166425037270936
1470340213044382
456992747985023
1971827936370499
1652866978118504
135926783702679
227069737783052
171056933448473
249324102259874
1997757000465016
351420845241560
141359883144242
277171259455667
1826143167696599
120281862012460
165824374000678
129446241043147
896540087164984
268686673636307
226118684589154
118706412060044
193427911201162
152034208714774
486585018342155
1866693246926875
296979557454025
134322507201569
1856814441262094
159554227976838
139847056652667
1741556645918093
145720359299646
1531634260264456
177006152860921
1999379090337723
886993134788843
1903658606326662
111923016183292
232413590592870
831232993703205
499658010401334
490267934654744
1857020497943647
777882029081406
1035353209937652
345803675875178
339621863115656
529449710734238
324886254588550
278925052595140
993876907419374
280571225785063
540679486269823
1823185904375342
138922126735416
119507772106058
139254543372679
122075321810984
123437178321101
1886748274976382
260843944419254
360179274430277
319011448567742
376409432794554
286619965187369
1340033732785629
153652698552495
326564967753071
122775675104550
1481763761917568
719318971590285
1713460712292009
1880944938888836
133491827279811
139691436639636
704579779749690
528149017528259
340250829778531
1720099631335921
1029471723858339
526204637714539
114201025888753
139653036667049
1550074838365010
1906166459636676
1725303994442623
1871314816518350
1931366367114532
986622511477128
350728112039292
123607791616790
129184747812683
264194717326078
374101839685358
390806148005833
1319185151538160
419403061795383
271992383301823
1504779966280762
353420261752616
152225312044514
182460428981435
491638531220737
481127212229465
1196454767127865
783891008462227
1930679253918542
877492209092658
1644081318977801
2217991118427900
121482778535856
1736917326611959
460666341001314
371848116604420
132385327415233
135258787210279
550993321917441
358875421202445
2169534973273630
127691994559265
286572975181308
351210351992793
1971051446446180
487608231601323
282656132232085
350730672016241
120382855306004
124250931621640
470875869947363
348644875574590
277055216135556
124551628229125
886772718138418
289890904844681
158941174690206
140101706579632
1922683101331485
864888980358443
1926274994362353
1284830964960747
811177052385339
184843065410803
138180053469742
209626769492387
278878409266309
417450128641646
136599943654450
1546293535458555
1932498650318738
1300683666710704
1980541342175954
296004454248253
139561076771781
711636192364065
282700662200904
148808759065461
532537963751882
462230260816939
169378840308737
2045871435635554
357335214679845
502128243481678
811460649024958
1960319640919814
1890563087627436
143303969610078
466611910382617
2405443866348216
1921193594775680
660316684166344
1698458366853860
140869366548486
347659279012861
1519952844738542
986862524789229
291893017979082
1296649597129275
1460214094055803
1993765920906800
1359675544142776
1492022797522821
1761469794153537
1050756381731995
122615778453339
1826092951036122
319183638542692
1723729447933585
143309766288590
1745788538825593
813350575513273
351374465310103
203888376819859
1600462563350405
791164031044286
293496824469106
210425639495027
186062438603557
2057768221122176
1485046478270188
470659463333918
413513745718269
1932932316964459
132394140747537
1948594412095725
1209838582454491
1125130487622187
123804858328623
1809507345743877
812952632220142
478820879156984
505078663165114
664101943785809
1361172540648480
2034289436790282
118202922182808
795802717211145
119204538832599
132717780711307
1913318192326956
1937584863181831
2008410059395978
314586772283761
1731543760473307
129113391172610
130328487627520
283948252108627
242804779581069
1664554677172162
1519160048141823
308702556276240
274303576393646
274566146368071
275565196274169
1857498797902221
229141524285608
110016436335349
277528769407036
290463908103670
1508171825917058
1607144972640859
140136363264860
298239977342005
121907145151259
1120705051394792
1000734793399461
1153315171439135
2006961222923732
131282047593856
142158103044667
1682654235092797
528144150872547
1466981280053457
377438392678076
796257450556823
1105893762880223
369707080109797
1580607085358883
179056329336077
181218282437996
1728628030776384
124754221562554
860665204110206
134360360550854
1385386031581855
331795473907957
148204472457187
781950245322497
176553719586936
118338508861141
509794746067393
974700442669327
1433632190082733
122446108444436
220827208453474
351396725319163
496117974093245
2006576396036196
358031991285629
545463029127452
516335582052813
1984082751806390
1075525965916351
576273119381861
164869637424666
1985112461770570
1822865917830950
175407109700592
129477737804957
134823810579762
172776593271019
1925228614399481
141659013106736
1662453107132270
148033092454193
382320492186252
345551209201656
117466175568501
849319958574654
2052429551647005
356691238092758
1037668056370332
172786059957931
131366960923341
1514032428663490
1472195199516641
1855551701410355
934395993365527
735881119941772
111023022844556
495916390762222
290542514781593
385329241883633
718063465052516
1816350768655448
345573995866523
1802266353405333
1559582787395229
141852669782963
940095089461611
138395326797524
148983075839996
886916568140885
326339804505241
125245408177586
524971194516639
1696982550343135
2025367244366536
138963130076029
1432635546852123
543861669297530
1259601494149767
539853333030726
372734279823027
279001665944275
1672007192850427
1925896810826254
1233120043460557
798409867007823
147637529313012
145731742828909
120356451977775
1423270707722846
505328506498807
127425978009911
898125283670928
491623491195713
121224778489917
1921866684734280
1551913131498142
314206745713636
154189905171093
1670085569730732
120472065327929
1581796131843118
121642625190468
121580945227784
485692888469248
1436842623095000
1912916572317868
158264431429713
388061124918672
142616196356537
945372975603772
871966586311337
250858452104844
904094643099535
2035042403395728
1588639617856336
311408419337613
1743750939254032
675955035943337
1736819426625991
329252690830451
1958254581079553
1472014696186945
2025526471017255
1710626635618378
159937524555829
335399330222691
1923101424573385
841356362691389
1943485215919669
139224836711515
150765682187280
360948461026854
764711187047581
1919281161655096
491229981252340
1006639826144307
147688022500363
127083884612993
1423161831053022
2230872333805806
189463214932629
533435550336210
132037230673628
181382532433792
1969684739715355
791874527658725
532167373794803
1572364392808091
775824162601984
1637502439615394
266232673887275
182123885688195
1017227718419856
720565231474388
976112049196131
645087399021296
126919041254924
296947997470564
482747705438270
1779598492338188
352610291831030
186343488580433
559345171066409
119601932069510
138971116679908
1489226554458100
569532316771403
827185677456742
2364383887119176
520230301656358
149297245678071
542582946087945
144719052807579
126497411386273
136532630417245
289180701583871
757837551080461
1141891659279275
138681253437167
865525253615516
128636307794870
334640540313050
608911902831986
754085048126537
150201672252767
354330635011259
1674097125947255
1626128447450510
495189780845233
1957098474578954
815942238581529
512392942471234
1922589048051901
132867090695119
1513210492103307
398135657266378
363342630776198
745101192348829
121021775258518
132835227362773
1896622530616057
129266221067002
324570801349997
122602321790321
1786578254970169
127426037919031
185625771997666
176155379601356
107263389970144
118923095445539
104822410269518
151329148937336
723519257839105
299004637262630
1911448745775574
466639423734887
577752682556867
751146255092991
3415978748425160
129226701000295
508953472807296
353868815043369
1295738973838336
135126600563668
1233998790039886
490428594683281
119794462052574
277696606081487
1951661628440216
346222202504981
116504679101909
280228402486622
131734054229783
1552592114821559
287551308398125
120422975336904
1403550113094422
124652238226346
111760809542923
1615227805166558
831943296963913
303643383451841
1177545605723838
134728743838102
123325281686086
122679378451949
120749408639691
136449143666257
300763923735172
508177616201259
165974853984044
1768518990111384
705620009638293
1714752848558570
2016971975227576
1450262181688421
139502950113305
283653802128919
139547219998966
171365463419254
501448013553660
857430491096966
464674047241759
1722832234418181
1515646131862810
111074919562000
911496905663945
294057564429663
306339143120998
493624077664822
188678255010596
1458372134256575
368377220262148
143450509603584
157380184843345
1626389460716080
1807873686139845
253177335207566
122167995202473
132728210715032
280290799126032
299824150461233
148079689131364
1464771316944714
507172229651464
338366783247831
1688026834582479
300224927120310
160731247841530
429625910772376
122732271759982
180335259195495
122153675138003
164261654129246
514646192206237
1704455956526782
517498668601084
140728873325482
1276279179150749
731218933741395
1144553612312824
105578103469416
103301267091020
1916745921925495
807775486089085
234198567112349
1961327690859410
366984950399251
923443907793286
1945395719067023
503549993370581
205699856637255
365690183881631
350161442094830
360631564379695
1317265718399436
1459766480744969
336365430158204
126600834623005
1046986058738394
368217500303501
811064435720683
1551611414933809
1919123621742615
167418027146205
191879841355201
881870248637209
1445077948875061
182985905600508
529139397425238
2035716019993692
485502605176099
1741842399453902
1907375099578919
1464409196972748
390663318015919
1522391757852988
348700382245869
157006054876304
496124574084571
1715461995139131
1041728805969109
124747338185074
1146275422173721
1963939623879467
923199004495837
117755645607881
1111400658990902
120021015361399
2022244598058629
1205179042959031
712889255570467
128536584427646
137282087019309
1967421646870575
352728581821602
126321261363964
1811178852507640
1638834279525069
124446138204889
119110502104506
1944172855821654
1984975398389785
111693299519308
1231897010287095
180917399150629
1470542219707607
2053078084925544
1516167231808641
187955131750594
135460067180228
176731746218809
1342474329195212
864317607057726
1967991193457844
804895859692395
1978183319130316
1840351766278111
259734367766210
260245994497914
586128704891040
706917859512475
1958168204506759
133287760606979
1904576813125654
139016413393253
1004523143019335
405913013157782
784676071716886
181786829030453
929473237201233
712500635625201
758702910980902
282284265600485
1958436704483194
1934130630243855
135690273729705
175965969619732
121358568548516
210151379518837
281963472313054
837644719728038
738019436381994
144996309460239
702867473245045
115980055750998
243243662868759
467218313677387
715534305310309
532822263727838
248836302307686
186023471966110
124547578302342
122183665162870
218778305323745
117483035614519
2038201166399483
121847138506641
122227951821030
1678146545827929
1223122211156166