148845245857443
146731056062448
124292741523725
2005859529656761
1565207960227802
362707997502414
128280067827845
1752028015093019
124117921635727
461819804201310
133711563946660
146507382618171
124308051607871
176348836251051
144389992822004
107418006684169
171682716718432
122217895196795
1424402650991328
321907444925674
120673675310672
1454332391320678
1398752973513048
121173998422636
816148995177100
308702556276240
1923382741315756
2001445210144977
1999379090337723
1933750096877715
1135522353247907
856857694496153
1983684528538534
117493608933482
719318971590285
253776528463523
143767072907404
340350143078720
148224962434961
192768817932405
1473729212704016
1222057034560823
454231291644452
119498348730657
110221676398145
1702977873339327
1124389077694596
118638582154253
782147205309523
126547931430582
170536926857896
269405513525417
142352636380173
120287085350750
169076113651072
1687044444639169
869647923186037
125614774825853
123330235089361
1594358557292900
491638531220737
127770024612042
122277385136093
1244811382290704
1974115069501659
123926418273350
928638933940832
179925812586458
123597458402660
322930761513781
121402261909173
762928340554494
110198669688431
1483238285308783
117766792301249
174753006423064
1953076914933538
470691756620103
163061870864750
125793851515691
150910218753906
1393681394080211
253729765147630
127081387910691
113075129366748
138432603452146
392571734493137
1419991438082355
130526680929530
348580965569509
175059423051624
2028569814029248
1813232035635306
290542514781593
650695271721192
1470627996353761
188519408359372
521928748142197
798129333702788
107590046667462