1527358084010020
1647449385297976
103660307057569
669616173244887
137192830266697
1675406462492369
387364528361392
131183684301099
156656554916542
123736461612717
134383227290291
133318710757610
128297761204653
1922294748096154
2002018026711634
105283266890393
1730074187298610
277756909397172
278148976037305
782121711976927
120688885294476
298683483949294
1475983032484899
147410009202657
269543483488974
1459203584200539
1808343589426358
882678785232100
127504451303507
332025357241704
1909070506021139
1909611442692093
125577731422439
1293033870808500
300763070391519
119948128717139
123321068379231
233656650501493
769853996558306
738991359630669
1831393047173295
1921877528062568
2127619610597153
1980504222196594
137105196925332
134543170531721
1705889949484358
1617645244964859
366346037153184
159256721326743
179649052597145
137110546911544
379118365850266
1152066201605150
1446946625340518
1830327493873156
979149012247513
804055206424474
1378423548950092
503474450036578
172138840008753
122674215081146
479442859078546
688877324655646
134481233870668
1253000254800100
366053397150379
141244796619591
1489578171125331
1177263779077547
1241178999358909
118570652178984
134523017173854
148506545749029
287350518428034
1979944105552532
139309970022664
112663802747391
343012979493661
327957070998792
1098573390278222
1712113012195563
1491162257632295
175490729679722
182526518986361
149398225799840
477173799333408
1400335380065091
623034814751972
627953347592249
531552433847519
123276171715240
261348981043052
1414930868614391
530582897293396
1028906907251635
357016498073693
1455801977831506
1451878808266233
702719426599952
1530584120342089
1607950459226933
363041527452722
1901223200128734
123624681635019
1793606934001332
124305214892259
141275986497636
178461732722817
1546525132081423
332096907201026
1368517349941072
1872319179763112
1992326771004803
150734088867230
1850253328323063
359653791131681
885108868303852
616127702109930
100887023937716
211083842763111
1513836815348825
549795212030711
877103962456076
494786377541996
479696519096353
2027920594109170
764088843794219
222275778307743
123694331627962
1266099533512570
267508450411968
255582714964738
314026292338658
288035895033038
319420338526387
279442829231020
1957557031195930
113846999305578
921333608015684
144561069491374
123624828306887
125122398154481
1934748066781893
719337361596029
123375178375347
1243135459166675
1933881816937041
1727149684247541
150225685717582
1615168085182051
1464027496999733
157739841490810
1937009546564150
1810097265942792
1409251599124129
683297815213847
1508479375901350
1539701096109693
120244481964347
129377871145755
1454730901275699
338110699985234
303471076801147
706924969495909
1662640727114595
1635796696444058
273273623162700
1929272110695869
1733929876910545
1958949694373667
841157146062867
125263404899448
301641970316981
128950627855319
1927775904213104
376748676091944
1932627580350630
784314438423397
1597359753641742
641757452878432
114904949162266
309467279531461
1744142925878219
790735347764800
138502933457662
139267570143024
1735826093389539
1285515498234638
174783923075060
1879038955745817
127112374658095
150598895531063
2025295364366865
528237227509641
1826298431015370
1870911593230102
158096948118617
146441562760604
859305597568608
1487699777957820
1957537227792298
127382431222855
119337378782394
131626354234515
370675476681567
538971629827961
526669971019806
1515427418514631
1840040262974195
1397089893743079
504207549940926
1729941690648783
546092355783159
124276998257656
2053659468185479
128483707810074
668743043322854
1900000763594405
1920488218212441
130326054290309
811429185701447
290279301470768
168526393725726
271579843357467
105398630223175
1879793645667627
2020146834923084
241547426371439
1989062234698687
1524337547631843
258564421316091
1513618782048977
1745280872440045
1963925580489236
119324072077567
288474788323423
272744173243920
1500976623247753
196928520848994
1671511076252234
1482067391912798
273647946489118
1419528581416749
348573798910263
836165643213485
150258692216119
1971813373090403
1901987893454527
270791520080077
292054324628404
344753065936429
235651603594912
1657969887610391
292259901236370
1550538901659549
199462497265841
174134583163380
120752105260130
740053626185452
292266977919367
105239463452336
1606276046090076
1418968574793126
1953682541575842
469894166728786
156049048308392
317345235401648
1936891976548864
301333023682828
107307310027225
285482428611569
289100974829514
2000469696905208
1462327320469974
174087789808868
122547571768055
1945402429009985
103754296907067
369441426848448
974458799372608
986604051482770
111002722872995
266816393723157
1964026423920937
155632611710063
352154245239600
146531392621477
484485285254470
118798805452451
123830554947898
861621297296499
229562044242228
151306595477421
1689517474401304
523049041379760
138921826730847
123498028365047
2107118009314342
1718139201541594
515617062144648
120488621977903
486726868366539
186737125203974
471041549942213
219256178585386
301251100352700
523292774694716
993347180807415
615015255553819
505032156508751
120526605266117
708673179327866
1373876212700184
311213989289664
152073152054846
350191402091730
1965720923698092
1875877776061418
1699574816781090
1435314539908917
152857838601854
334631977008538
563887907275758
181437982429394
132976500787112
166425037270936
1470340213044382
456992747985023
1971827936370499
1652866978118504
135926783702679
227069737783052
171056933448473
249324102259874
1997757000465016
351420845241560
141359883144242
277171259455667
1826143167696599
120281862012460
165824374000678
129446241043147
896540087164984
268686673636307
226118684589154
118706412060044
193427911201162
152034208714774
486585018342155
1866693246926875
296979557454025
134322507201569
1856814441262094
159554227976838
139847056652667
1741556645918093
145720359299646
1531634260264456
177006152860921
1999379090337723
886993134788843
1903658606326662
111923016183292
232413590592870
831232993703205
499658010401334
490267934654744
1857020497943647
777882029081406
1035353209937652
345803675875178
339621863115656
529449710734238
324886254588550
278925052595140
993876907419374
280571225785063
540679486269823
1823185904375342
138922126735416
119507772106058
139254543372679
122075321810984
123437178321101
1886748274976382
260843944419254
360179274430277
319011448567742
376409432794554
286619965187369
1340033732785629
153652698552495
326564967753071
122775675104550
1481763761917568
719318971590285
1713460712292009
1880944938888836
133491827279811
139691436639636
704579779749690
528149017528259
340250829778531
1720099631335921
1029471723858339
526204637714539
114201025888753
139653036667049
1550074838365010
1906166459636676
1725303994442623
1871314816518350
1931366367114532
986622511477128
350728112039292
123607791616790
129184747812683
264194717326078
374101839685358
390806148005833
1319185151538160
419403061795383
271992383301823
1504779966280762
353420261752616
152225312044514
182460428981435
491638531220737
481127212229465
1196454767127865
783891008462227
1930679253918542
877492209092658
1644081318977801
2217991118427900
121482778535856
1736917326611959
460666341001314
371848116604420
132385327415233
135258787210279
550993321917441
358875421202445
2169534973273630
127691994559265
286572975181308
351210351992793
1971051446446180
487608231601323
282656132232085
350730672016241
120382855306004
124250931621640
470875869947363
348644875574590
277055216135556
124551628229125
886772718138418
289890904844681
158941174690206
140101706579632
1922683101331485
864888980358443
1926274994362353
1284830964960747
811177052385339
184843065410803
138180053469742
209626769492387
278878409266309
417450128641646
136599943654450
1546293535458555
1932498650318738
1300683666710704
1980541342175954
296004454248253
139561076771781
711636192364065
282700662200904
148808759065461
532537963751882
462230260816939
169378840308737
2045871435635554
357335214679845
502128243481678
811460649024958
1960319640919814
1890563087627436
143303969610078
466611910382617
2405443866348216
1921193594775680
660316684166344
1698458366853860
140869366548486
347659279012861
1519952844738542