43.655,-79.402	420
43.655,-79.401	480
43.655,-79.400	480
43.655,-79.399	420
43.655,-79.398	420
43.655,-79.397	480
43.655,-79.396	420
43.655,-79.395	420
43.655,-79.394	360
43.655,-79.393	300
43.655,-79.392	360
43.655,-79.391	360
43.655,-79.390	300
43.655,-79.389	360
43.655,-79.388	360
43.655,-79.387	360
43.655,-79.386	360
43.655,-79.385	360
43.655,-79.384	420
43.655,-79.383	480
43.655,-79.382	540
43.655,-79.381	420
43.655,-79.380	480
43.656,-79.402	420
43.656,-79.401	420
43.656,-79.400	420
43.656,-79.399	480
43.656,-79.398	540
43.656,-79.397	540
43.656,-79.396	540
43.656,-79.395	540
43.656,-79.394	600
43.656,-79.393	600
43.656,-79.392	600
43.656,-79.391	600
43.656,-79.390	660
43.656,-79.389	600
43.656,-79.388	540
43.656,-79.387	540
43.656,-79.386	480
43.656,-79.385	480
43.656,-79.384	480
43.656,-79.383	480
43.656,-79.382	480
43.656,-79.381	420
43.656,-79.380	420
43.657,-79.402	420
43.657,-79.401	480
43.657,-79.400	480
43.657,-79.399	480
43.657,-79.398	540
43.657,-79.397	480
43.657,-79.396	540
43.657,-79.395	480
43.657,-79.394	660
43.657,-79.393	600
43.657,-79.392	540
43.657,-79.391	600
43.657,-79.390	600
43.657,-79.389	540
43.657,-79.388	540
43.657,-79.387	540
43.657,-79.386	480
43.657,-79.385	480
43.657,-79.384	480
43.657,-79.383	480
43.657,-79.382	420
43.657,-79.381	420
43.657,-79.380	360
43.658,-79.402	420
43.658,-79.401	480
43.658,-79.400	420
43.658,-79.399	480
43.658,-79.398	420
43.658,-79.397	540
43.658,-79.396	540
43.658,-79.395	480
43.658,-79.394	540
43.658,-79.393	480
43.658,-79.392	540
43.658,-79.391	540
43.658,-79.390	600
43.658,-79.389	540
43.658,-79.388	540
43.658,-79.387	480
43.658,-79.386	480
43.658,-79.385	420
43.658,-79.384	480
43.658,-79.383	420
43.658,-79.382	420
43.658,-79.381	360
43.658,-79.380	360
